  0.00012993040037281869
 -0.00011390247009957292
 -0.00053383009651232385
  0.00010956281064628150
  0.00022116592329051268
 -0.00072656513855830760
  0.00006566720399155709
  0.00020324484833086185
 -0.00034445770632534657
 -0.00004924963128113848
  0.00008669895208005927
 -0.00076971113674377111
  0.00003162999897087131
 -0.00020164514794345355
 -0.00049632347052041485
 -0.00093048603175081076
 -0.00021668259378009239
  0.00003153568079618337
  0.00033790481910442029
  0.00023660149534240839
 -0.00045652232857183999
 -0.00161877460009979724
 -0.00124869339528955970
  0.00018216478316964498
 -0.00161177656677358758
 -0.00075227286262609654
 -0.00102112210760995563
 -0.00017743019802120185
 -0.00046107839024068023
 -0.00011035846806569909
  0.00054161313985872500
  0.00007748154216051094
 -0.00050665290869746971
  0.00071704628590679611
 -0.00033188057538998853
  0.00002623996678428192
 -0.00067495981810842404
 -0.00008207081315025009
 -0.00045614640564767988
 -0.00080334415006940211
  0.00024834180136494468
 -0.00010252524111990799
  0.00001175509033345471
  0.00009703494304483816
  0.00021421693170562848
  0.00058148890814441916
 -0.00006298524819379594
 -0.00119161881732844361
 -0.00010946448135483218
  0.00180695890160225076
 -0.00067634259370680293
  0.00084032161205266841
  0.00072439235328324882
 -0.00010842662593693104
  0.00091533609768548491
  0.00044967405563928079
  0.00017004214343325968
 -0.00012372091221923032
 -0.00003591512383460056
  0.00018856774934114060
