579.82200000000000272848
-70.22950000000000159162
-51.01239999999999952252
207.75999999999999090505
-11.96039999999999992042
-18.86390000000000100044
-12.92469999999999963336
-49.92069999999999652118
189.83699999999998908606
  6.40986999999999973454
  3.62767000000000017224
 -3.74096999999999990649
-40.74349999999999738520
-44.76789999999999736247
 12.02439999999999997726
  6.14792000000000005144
-11.08639999999999936620
 -3.89406000000000007688
-40.90910000000000223963
-26.79889999999999972147
 10.54149999999999920419
 27.24070000000000035811
 15.10239999999999938041
 -5.69416000000000011028
  0.97772199999999997999
  4.94848999999999961119
 28.02260000000000061959
 -7.02149999999999963052
-53.13989999999999724878
-24.80229999999999890292
 -1.88934000000000001940
-182.55400000000000204636
 -2.36405000000000020677
 -0.54594299999999995610
-108.48799999999999954525
 24.36039999999999849933
-17.04820000000000135287
-23.02909999999999968168
  1.39589000000000007518
  0.49252400000000001734
 -1.95338999999999995971
 -0.36800800000000000178
  8.90160999999999980048
 -2.01215000000000010516
  8.82498999999999966803
 -1.40132999999999996454
 12.76379999999999981242
 -2.22014999999999984581
 -1.41337000000000001521
  7.72407000000000021345
 -0.52192300000000002580
 -0.37435099999999998932
 -1.36006999999999989015
  3.66124999999999989342
 14.38530000000000086402
-71.05270000000000152340
-67.68770000000000663931
  4.53699000000000030042
 -0.14299799999999998623
  0.38955099999999998062
