107.30200000000000670752
221.62500000000000000000
211.67900000000000204636
-404.37200000000001409717
-29.61809999999999831743
  9.22573000000000043030
132.58000000000001250555
 36.26930000000000120508
-121.51900000000000545697
-38.66490000000000293312
 16.00179999999999935767
-38.59949999999999903366
107.41200000000000613909
  9.43000999999999933721
-18.53030000000000043769
 -0.15416199999999999348
-30.18609999999999971010
-12.78589999999999982094
 13.12480000000000046612
-14.18580000000000040927
 -1.90789000000000008583
 22.48539999999999849933
 15.86870000000000047180
 -1.92541999999999990933
  1.34898999999999991140
 -1.86999000000000004107
 -9.97987999999999964018
 -0.01122779999999999959
 42.09539999999999793090
 -7.01466000000000011738
 -1.36246000000000000441
 48.23969999999999913598
  3.77298000000000000043
 -1.15117000000000002657
 18.42579999999999884608
-124.75000000000000000000
-114.25499999999999545253
-39.66219999999999856755
-116.36100000000000420641
387.10899999999998044586
-15.57169999999999987494
143.00399999999999067768
183.08500000000000795808
  0.81621399999999999508
  7.80555999999999983174
 47.91279999999999716920
-34.45870000000000032969
 -5.55438999999999971635
  4.55292999999999992156
 41.83239999999999980673
  1.26306000000000007155
 -0.12566099999999999492
  2.99730000000000007532
 -7.43386000000000013443
 -0.50005299999999996974
-22.27489999999999881197
  0.26142500000000001847
-180.95500000000001250555
  0.26005200000000000538
 -0.10385099999999999887
 70.27320000000000277396
-159.20599999999998885869
 81.87529999999999574811
