  0.00017693469474022857
  0.00024340509685523773
  0.00030166751015942874
  0.00048449916233218811
  0.00067346744120107803
  0.00070602145300177296
  0.00075688555863852444
  0.00100280718276156205
  0.00124986928628914497
  0.00136307382787119024
  0.00148236214133077747
  0.00153031194162535117
  0.00180854198490064204
  0.00216608341733804267
  0.00224334121453999107
  0.00230240510737777983
  0.00233220656780697708
  0.00243583299609979138
  0.00263357016275952158
  0.00280605821806349104
  0.00286115799950713507
  0.00314179339267319467
  0.00320047180985127706
  0.00321197411192412473
  0.00330425589130988080
  0.00342850025530212462
  0.00387274363860428154
  0.00395042381870995118
  0.00407647299249899991
  0.00416056774274337765
  0.00431469421632766498
  0.00433476355546174447
  0.00456010961886922032
  0.00480266448217716267
  0.00485267060830182461
  0.00498898591931173224
  0.00518255438997778078
  0.00527736909985089889
  0.00530419519850954934
  0.00538005325430887527
  0.00563720333786707408
  0.00568482963022028630
  0.00575969073478623493
  0.00585224088906982284
  0.00616772583348527883
  0.00636660439083952968
  0.00639065788974721785
  0.00644544692130916055
  0.00658656883129571467
  0.00666538402306607585
  0.00672649877399409887
  0.00685398733029971095
  0.00691860781376411882
  0.00720363608025787437
  0.00751132539457650007
  0.00780929716823961732
  0.00789762622735592536
  0.01390956567256624102
  0.01407844547521156474
  0.01469556876850722747
  0.01470063326254698703
  0.01579215179056964874
  0.01613389191047399918
