138.99100000000001386979
 -8.06803000000000025693
 50.58700000000000329692
121.67400000000000659384
-31.11599999999999965894
 -8.31831999999999993634
 48.74699999999999988631
 13.73879999999999945715
  3.08919999999999994600
  6.60709000000000035158
-16.39239999999999852776
  0.95015899999999997583
 -2.03230000000000021743
  3.38541999999999987381
 -3.13758999999999987907
 -0.46706999999999998519
  9.21809999999999973852
 -8.43926000000000087198
 -1.92765999999999992909
 -5.51799999999999979394
 -4.70641999999999960380
  2.29031999999999991147
  3.65461999999999997968
  2.31531999999999982265
 -1.16409000000000006914
  3.44086999999999987310
 -0.96641200000000004877
 -3.84086999999999978428
  4.88705999999999995964
  0.98675000000000001599
  1.21893999999999991246
  3.45326000000000021828
 -1.26428000000000007041
  2.74264000000000018886
  3.88162999999999991374
  5.48109999999999963904
  0.63752299999999995084
 -2.58000000000000007105
 -2.76650000000000018119
 -1.60450000000000003730
  1.12309999999999998721
 -6.98395999999999972374
 33.18280000000000029559
 -1.05264000000000002011
 -2.32427999999999990166
 -8.34246000000000087482
  5.67746999999999957254
 -0.85704700000000000326
  0.65414000000000005475
  5.51879000000000008441
 -0.46267099999999999893
  9.47912999999999961176
-91.52290000000000702585
  7.40289999999999981384
 13.58670000000000044338
 -0.08875639999999999918
  0.01435939999999999959
