  0.00026636413650215160
  0.00028885112794167073
  0.00043215648870991943
  0.00054713257800465811
  0.00061046677566841485
  0.00075957386406673726
  0.00078959813489498480
  0.00133425018158588190
  0.00143458958693647078
  0.00150584152755379639
  0.00177290781298219827
  0.00214013489092595814
  0.00218759806237352672
  0.00227766176195851305
  0.00232022766107685538
  0.00236823350570493276
  0.00260494563333389618
  0.00272776063899930841
  0.00284511747335547275
  0.00292036906567599364
  0.00318206466363281197
  0.00319017241054630682
  0.00323352657549359985
  0.00337551193273209716
  0.00385576038297279385
  0.00397177898799969380
  0.00408824412511466992
  0.00433478907158106261
  0.00437451721371518321
  0.00438671391874948836
  0.00473148772298283022
  0.00480525573522296717
  0.00483315123266806097
  0.00493847129338064773
  0.00536446700621008229
  0.00545280745645108575
  0.00562985105034340648
  0.00569106968832865448
  0.00575972262993538348
  0.00583883718046275015
  0.00612248803215828530
  0.00637912186994526922
  0.00638943448295488728
  0.00661106066068169792
  0.00664086986707568879
  0.00675858256016735083
  0.00681742409825107729
  0.00687202904923793489
  0.00694670880709872488
  0.00710067398235732054
  0.00720308657240254901
  0.00755052362158977093
  0.01394325515167661733
  0.01421879962339362216
  0.01445543975911450611
  0.01467041989904879079
  0.01467718075937825099
