615.86400000000003274181
-47.01370000000000004547
-53.20819999999999794227
214.11099999999998999556
  8.91971999999999987097
 -9.77277999999999913427
-25.62900000000000133582
-61.09080000000000154614
199.93600000000000704858
 -4.16232999999999986329
 -0.88074300000000005362
 -5.65401000000000042434
-41.45700000000000073896
-48.90610000000000212594
 10.40559999999999973852
 -2.37625000000000019540
  3.83655999999999997030
 -6.47121000000000012875
-48.24320000000000163709
-24.92980000000000018190
 25.98470000000000013074
 -8.33446999999999960096
 -7.42881000000000035755
  3.38190999999999997172
  0.20319899999999999074
 -5.80182999999999982066
 38.29520000000000123919
 -3.68176000000000014367
 56.28499999999999658939
-38.47699999999999675993
  2.37704000000000004178
 13.80330000000000012506
  5.43219999999999991758
-207.31700000000000727596
-75.33880000000000620730
-49.58379999999999654392
 18.34110000000000084697
-19.78770000000000095497
 -3.09610999999999991772
  1.75493000000000010097
 -1.56892999999999993577
  9.40907999999999944407
 -3.46722000000000019071
 -3.42011000000000020549
 10.39899999999999913314
 15.05320000000000035811
  1.44416999999999995374
 -1.25862999999999991552
  8.42229999999999989768
 -0.03207070000000000060
 -0.58572400000000002240
  0.43324200000000001598
  2.62494000000000005102
 -0.64943499999999998451
 15.62720000000000020179
-76.22110000000000695763
-70.40609999999999502052
  8.01252999999999993008
  0.41311399999999998123
  0.24228199999999999736
