 53.53220000000000311502
 10.36459999999999936904
 19.50369999999999848228
 -2.90853999999999990322
 33.29540000000000077307
 -5.20716000000000001080
  2.40407999999999999474
  0.14814399999999999791
 -0.32272099999999998010
  4.70077000000000033708
 -0.49821799999999999420
  0.14463999999999999080
 -1.42447999999999996845
 -0.28576499999999999124
 -1.13973999999999997534
  0.96586700000000003108
 -0.14047499999999998876
  2.49472000000000004860
 -0.36009000000000002117
 -0.22346199999999999397
 -0.16195699999999998986
  0.53486400000000000610
  2.44408000000000003027
 -0.47349700000000000122
  0.62966200000000005499
 -0.46712100000000000843
  1.15518000000000009564
 -0.02704739999999999922
  0.92996699999999998809
 -0.89041999999999998927
  0.12320499999999999508
 -0.19811500000000001331
 -0.04285459999999999964
 -0.31022899999999997700
  0.57432199999999999918
  0.37827100000000002389
  1.35028999999999999027
  0.45858599999999999364
  0.27007999999999998675
 -0.06129830000000000001
 -0.65510800000000002363
 -2.78586000000000000298
  0.19369200000000000306
 -2.62978999999999984993
 -0.55725400000000002709
  2.96890000000000009450
  0.27203800000000000203
 -0.06894480000000000053
  0.03994679999999999759
  1.55787000000000008804
 -0.90104300000000003834
  0.61197800000000002196
  0.31933200000000000474
  0.49261100000000002108
 -0.15296699999999999187
 -0.11699900000000000577
 -0.06052149999999999891
 -0.01236190000000000032
 -0.03502249999999999808
  0.05221730000000000121
