  0.00011315715450331059
  0.00021220754018332099
  0.00030266491703779457
  0.00038184462479842112
  0.00065286226356130791
  0.00071434790950942757
  0.00080827912375113756
  0.00083822046719159962
  0.00118750424551450850
  0.00137688214922746010
  0.00148490053955799349
  0.00168573199133009548
  0.00175828935483756180
  0.00191136556672489503
  0.00210677894394667832
  0.00219572175686159627
  0.00229600010578381560
  0.00230505650556197834
  0.00241941838541311852
  0.00261446177890478160
  0.00274183369009350919
  0.00279454498051093410
  0.00313928096621028489
  0.00316271387664454487
  0.00319772199234970647
  0.00344236507663688539
  0.00347099006170749867
  0.00388482688803661741
  0.00394011576215021198
  0.00409011864859461401
  0.00427565865457505030
  0.00436787072027766763
  0.00445756398048754564
  0.00448231370493664197
  0.00469788709464508299
  0.00477413928335888513
  0.00498846648402560301
  0.00508262688769619241
  0.00540284461660026690
  0.00545936919992086322
  0.00556672553808407709
  0.00572451995382041671
  0.00579898510289193932
  0.00592628821168750264
  0.00608226095876248860
  0.00610094513713355623
  0.00616150035601652126
  0.00656200318742170257
  0.00658868393532923390
  0.00664760885644573394
  0.00674949608781999066
  0.00695265497418994221
  0.00708147629208496446
  0.00721579041030831220
  0.00767815935122645368
  0.01085902657983123937
  0.01396071546761036564
  0.01411077713225819714
  0.01467042992323852081
  0.01467217595483189495
