 -0.00307991046301342745
 -0.00090357769019613183
  0.00238607187928471798
  0.00412673144839396065
 -0.00070273387558306090
 -0.00042063484225508406
  0.00063119076971227461
 -0.00314459633426475947
  0.00317859208905552342
  0.00742751618803978719
 -0.00112917755833916817
  0.00039342658027522804
  0.00109320608669967261
 -0.00183433499617833401
  0.00001651571169789966
 -0.00010291224303447999
  0.00010881412344350347
 -0.00013449308985542994
 -0.00135319805763871445
 -0.00154387067591239303
  0.00269153789122245080
  0.00035675774645809485
  0.00002150544037632265
  0.00115590960298601257
  0.00010997741178873878
  0.00285807746361218650
  0.00084614292651062715
 -0.01185857527429513662
 -0.00654431193224273931
  0.00786857278706802610
 -0.00674968990432623858
 -0.00028312394681188088
  0.00036869886531039814
 -0.01077147427247102628
  0.00243463306648865514
 -0.00514364968564352994
 -0.01362047301371770505
  0.01063285692830664292
 -0.00266141938758112252
 -0.00850060060483813322
  0.00264701924958435190
  0.00319587390452352824
 -0.00937467143130164132
 -0.00630279444669399128
  0.00203024304287686844
 -0.00231160274510961924
 -0.01990964275411063328
  0.01613073311187996489
  0.01185456189028281752
 -0.00121848641184196132
 -0.00254169289055441224
 -0.00120339458522632746
 -0.00133645902255387946
 -0.00274948017016441457
 -0.01691437828832173529
  0.00868319879874255955
  0.01698820072665720854
 -0.00328066781581130232
  0.00104296062419819736
  0.00176859866323320460
 -0.00209742927998930739
  0.01428842482404280197
 -0.00497651645360443727
