 73.77219999999999799911
165.53499999999999658939
253.37399999999999522515
-416.68200000000001637090
-27.00850000000000150635
 11.34960000000000057696
 94.28489999999999326974
 69.51569999999999538431
-134.65199999999998681233
-29.21559999999999845954
 29.00959999999999894271
-52.34680000000000177351
 93.77689999999999770353
  9.59172000000000046782
-22.45629999999999881766
  0.93780799999999997496
-30.14280000000000114824
-11.73249999999999992895
  7.59445000000000014495
-15.89959999999999951115
 -0.46677899999999999947
 17.62399999999999877787
 12.55879999999999974136
 -0.79777500000000001190
  2.20500000000000007105
 -3.67207000000000016726
-12.30760000000000076170
 -0.38712800000000002765
 35.26830000000000353566
 -3.46202999999999994074
 -2.25195999999999996177
 45.07459999999999666898
  3.47134000000000009223
  0.34603499999999998149
 17.01279999999999859028
-122.55100000000000193268
-108.60200000000000386535
-37.48890000000000100044
-106.45000000000000284217
371.21300000000002228262
-16.47719999999999984652
133.46899999999999408828
176.50000000000000000000
  1.00497999999999998444
  5.48364000000000029189
 41.59640000000000270575
-31.96920000000000072760
 -4.58387000000000011113
  4.73775000000000012790
 41.50200000000000244427
  1.05762000000000000455
  0.13236700000000001243
  3.69748000000000009990
 -6.99701000000000039591
 -0.98698699999999994770
-24.80679999999999907345
 -0.27227299999999998725
-171.15899999999999181455
  0.26006400000000001738
 -0.16261900000000001354
 67.83849999999999624833
-150.23599999999998999556
 75.74670000000000413820
