  0.00026771193437616066
  0.00030878650744932678
  0.00050986127364493149
  0.00061073925137113886
  0.00070415695371156138
  0.00074253410845675800
  0.00105653729537178126
  0.00111258891919500794
  0.00119503970232328564
  0.00142321213159028845
  0.00172687673373138795
  0.00196251536176901727
  0.00204469047967965629
  0.00224306053722748587
  0.00227859537853858200
  0.00231290362354243280
  0.00233498600223275678
  0.00237911111849946214
  0.00255445242271724014
  0.00268636438056473175
  0.00287797676729801546
  0.00300583166217384531
  0.00315547231085291924
  0.00336592242831817035
  0.00337220941786028558
  0.00346753308318481241
  0.00365461818131898987
  0.00373748405703118328
  0.00392246680919150058
  0.00394874613386475126
  0.00411791982752722496
  0.00456987682482840225
  0.00459525078291082942
  0.00464189926112015296
  0.00488451791472639153
  0.00507643376102157127
  0.00512021486532246353
  0.00528401331506347504
  0.00540623689353468117
  0.00549905314449116497
  0.00563777198281188979
  0.00570809304071907223
  0.00584476010965958703
  0.00596678092611120647
  0.00622642703291275291
  0.00626931006094262784
  0.00634919465149943064
  0.00658390057424696699
  0.00661659310212396254
  0.00682002719806656596
  0.00697033627794279003
  0.00710572389575747122
  0.00726147292114343035
  0.00751717177541538165
  0.00754274530600247944
  0.00756495754351433573
  0.00762008603059221266
  0.01407888653955978800
  0.01453035098462911699
  0.01453706217965490370
  0.01457181832368179518
  0.01560569730509863209
  0.01644042889861839496
