-139.42599999999998772182
 -3.59301000000000003709
 49.15240000000000009095
117.42799999999999727152
-16.36179999999999878924
 47.02289999999999992042
-37.49410000000000309228
 -4.13626000000000004775
  8.42259999999999919851
  1.97689000000000003610
-24.18649999999999877787
-11.09459999999999979536
 11.56550000000000011369
  0.10962099999999999622
 -2.33407000000000008910
  0.14944999999999999951
  2.34678999999999993165
  4.76393999999999984141
 -2.37081000000000008399
 -3.14619999999999988560
  5.70024999999999959499
  2.38881999999999994344
  0.82397699999999995946
  1.50343000000000004412
  1.48367000000000004434
  6.36730000000000018190
  5.41809999999999991616
 -1.84603999999999990322
 -0.19369200000000000306
  1.41189999999999993285
  8.35872999999999954923
  0.12128600000000000492
  1.96707000000000009621
  0.97748000000000001553
 -6.34891999999999967486
 -3.68127000000000004221
 -0.02345010000000000150
 -1.54021000000000007901
  1.72059999999999990727
  0.62792400000000003768
 16.30780000000000029559
-27.66590000000000060254
 13.11480000000000067928
-12.08660000000000067644
  8.22048000000000023135
  5.66237999999999974676
 11.74339999999999939462
  5.56850999999999984880
  4.58948000000000000398
  2.23276999999999992141
  0.16043299999999999228
 -4.80804000000000009152
 92.55979999999999563443
  5.49878000000000000114
 -5.17750000000000021316
  0.08933330000000000437
 -0.47946600000000000330
