 -0.00008990211590767306
 -0.00094036311296686128
  0.00034452553583756761
  0.00021870784637367113
  0.00014099848296707433
 -0.00068763718586993105
 -0.00119040979417460685
  0.00074852743700191406
  0.00014271304386239775
 -0.00052860432594177456
 -0.00020959627027342627
 -0.00011748795757253076
  0.00010090586404952466
  0.00144926528021618720
 -0.00000570109558429909
 -0.00016617703810620972
 -0.00015389976458989494
  0.00024411024208936125
  0.00211634398201890209
  0.00007422974825390056
 -0.00135053367923748061
 -0.00181271901025218470
  0.00010435009181663874
 -0.00209043771319569098
  0.00000435643337769800
 -0.00009300289798694613
  0.00006460532884347823
 -0.00054389255818088284
 -0.00027729585086257012
  0.00141616531160330419
  0.00024919983212832672
 -0.00025771457106753954
 -0.00036402417714596750
 -0.00007072477772588014
  0.00014681230602877572
  0.00009002064044677673
  0.00022706981064455318
  0.00006009327393029152
  0.00013327178329883627
 -0.00006834355903705923
  0.00003614769592171901
  0.00002376534474859351
 -0.00005545956447552290
  0.00003370092611943715
 -0.00000615238710940614
 -0.00021090498995311369
  0.00089364923144269416
 -0.00022731546926899230
  0.00001602416138548968
  0.00001291068712206901
 -0.00001669962792167602
  0.00017607161147084098
  0.00006985087257087529
  0.00010712088708885813
 -0.00002126936153572499
  0.00000052682368057294
  0.00000014117427494031
