-11.13000000000000078160
-20.96740000000000136993
 70.22220000000000084128
116.55299999999999727152
-19.59479999999999932925
 29.59420000000000072760
  3.61597999999999997200
 -6.50797000000000025466
 -2.08365000000000000213
  7.24202999999999974534
 -4.54703000000000034930
  1.95998999999999989896
 14.52299999999999968736
 -0.12363300000000000678
 -3.69782000000000010687
  1.70169999999999999041
  1.17479000000000000092
 13.15380000000000038085
 -1.76497999999999999332
  0.04079839999999999856
  3.58803999999999989612
 -0.21484100000000000419
 -0.11793599999999999917
 -0.19043899999999999717
 -0.38673999999999997268
  4.81118999999999985562
  5.49263000000000012335
 -6.18017000000000038540
 -0.05102410000000000279
  0.09350550000000000528
  6.05748999999999959698
  3.06276999999999999247
  4.25661000000000022681
  0.69536699999999995736
 -4.05724999999999980105
 -7.50065000000000026148
 -0.57333400000000001029
  1.68819000000000007944
 -1.77516999999999991466
 -0.04979610000000000286
 11.48259999999999969589
-21.57469999999999998863
 10.15230000000000032401
 -9.24963999999999941792
  6.38780999999999998806
  4.54795000000000015916
 12.32530000000000036664
  5.79699000000000008725
  4.08391999999999999460
  3.85566999999999993065
  0.31725599999999998246
 -8.77893000000000078842
 67.22910000000000252385
  4.50781999999999971607
 -1.98493000000000008320
  0.10565099999999999492
 -0.42455900000000001970
