  0.00020446567619505565
  0.00036382705504455284
  0.00052101500730208808
  0.00055533099827073185
  0.00067290244141616552
  0.00073153757232040384
  0.00109418860765136028
  0.00111689795384494178
  0.00132038125944623015
  0.00173165599400876540
  0.00179894382323194605
  0.00204003105403407917
  0.00212852961308585996
  0.00224035491728973545
  0.00230412881236675060
  0.00236677999819374625
  0.00266368738516528647
  0.00270509913552944908
  0.00287877232344677146
  0.00297921789407952584
  0.00322482831267587337
  0.00334710201209574044
  0.00339433007072958721
  0.00373639506551026301
  0.00392577114664326328
  0.00400132164207580264
  0.00415315257621138786
  0.00458726059240419527
  0.00460973619271901839
  0.00465766913414904227
  0.00475001789334800889
  0.00487700068371712831
  0.00490657978939226195
  0.00520520222409800570
  0.00532642475053094269
  0.00546692516075409415
  0.00551420561856153998
  0.00571923037115666753
  0.00581919797019718466
  0.00598776656731581699
  0.00631288247983909263
  0.00642961735878686512
  0.00653224865842625280
  0.00665864047724615184
  0.00671437998425271267
  0.00675767491535158703
  0.00689295910175402940
  0.00708360005337325353
  0.00712500269083765972
  0.00726664722562525740
  0.00754715048174484527
  0.00759641800734423174
  0.01391298665513488950
  0.01423306996876755326
  0.01436746109099384418
  0.01455412152799935924
  0.01455551580166212881
