-654.80700000000001637090
114.93200000000000216005
-32.11970000000000169393
 67.99089999999999633928
 48.81069999999999708962
 19.25669999999999859597
-47.59440000000000026148
 24.38309999999999888587
-50.78569999999999851070
106.18500000000000227374
 70.74970000000000425189
-17.68949999999999889155
 -0.59691199999999999815
 15.74530000000000029559
-29.28020000000000067075
  1.06650000000000000355
  4.91169000000000011141
 -1.95552999999999999048
-55.13380000000000080718
-11.25869999999999926388
 20.03620000000000089813
 -8.29109000000000051500
-28.78000000000000113687
 29.35360000000000013642
 -9.18378000000000049852
 -5.85109000000000012420
 -1.90073000000000003062
 -7.08324999999999960210
 77.54349999999999454303
-64.02079999999999415650
 44.10589999999999832880
222.06600000000000250111
 -0.42726199999999997514
  1.12020999999999992802
 27.42569999999999907914
  6.35494000000000003325
 -5.50680999999999976069
 -5.18215999999999965553
  2.09066999999999980631
 -6.44439000000000028479
  2.42526000000000019341
 -3.75849000000000010857
 -3.98484999999999978115
 -2.43203000000000013614
 -4.67800999999999955747
 -3.11563999999999996504
 -1.47192999999999996064
 -2.74927000000000010260
  0.17496900000000001341
-10.32349999999999923261
 -1.52434000000000002828
 -3.10734000000000021302
  3.45575000000000009948
  0.12409199999999999398
-10.04460000000000086118
 77.30480000000000018190
-70.26260000000000616183
 10.06359999999999921272
  0.59821599999999996999
 -0.95386800000000004918
