 -0.00127289799773992718
  0.00093186532107345573
  0.00019383404162055812
 -0.00001084336756436234
 -0.00103468857885578858
  0.00002254361128702063
 -0.00095945027478696167
  0.00077281096087786856
 -0.00020981815137100705
  0.00021724876631595627
 -0.00108805908065598249
  0.00031492634137040686
  0.00024233752371029092
 -0.00262905635518347969
 -0.00003766624005597189
  0.00002948796062817677
  0.00001396184065707013
  0.00018334444413751493
 -0.00006474177335213601
 -0.00227640459701615710
 -0.00006663839719203789
 -0.00196766984885878406
  0.00162515245604391762
 -0.00222162292024992132
 -0.00000466933934499860
  0.00000143419148776346
 -0.00007550502575494538
 -0.00101883729646235562
 -0.00177699933422716507
 -0.00009186850963847662
  0.00150851049777762859
  0.00012183108696402812
  0.00004605651909642967
  0.00006592937381901162
 -0.00000225704834030122
 -0.00001138874678701327
  0.00004582827316797207
  0.00001074096912360498
 -0.00006518090923583432
  0.00000278745139335838
  0.00009567618421639357
 -0.00009650930998635128
 -0.00015155946864704216
 -0.00052550991859177270
  0.00026810420830716391
 -0.00073137743494137064
  0.00101348562303204648
  0.00049131071125453824
 -0.00017720368937811836
 -0.00002499765794528315
 -0.00002343000955341039
  0.00003668063761830274
 -0.00010145524894328256
 -0.00033067969104503745
 -0.00008980151412901913
 -0.00000032067434928724
 -0.00000024188064429818
