  1.07410000000000005471
-23.68990000000000151203
122.80700000000000216005
 -1.24489999999999989555
-68.52169999999999561169
  1.09187999999999996170
 -0.14634900000000000686
  1.75201000000000006729
 14.39259999999999983800
 -3.95513000000000003453
-18.30069999999999907914
  3.56065999999999993619
  2.99475999999999986656
  2.90904000000000007020
 -3.91679000000000021586
 -0.77169500000000001982
  6.61950000000000038369
 -8.82931999999999916895
 -3.78290000000000015135
-10.14020000000000010232
  0.09662859999999999505
  0.91290599999999999525
 -5.26069999999999993179
  0.17478799999999999892
 -2.17388000000000003453
  1.18447999999999997733
  2.38811999999999979849
  3.99294999999999999929
  0.07029269999999999963
 -0.05429189999999999711
  2.15169999999999994600
 -0.26969500000000001805
  2.82301000000000001933
 -0.86309899999999994957
  9.15493999999999985562
  0.29617300000000001958
  6.12797999999999998266
  2.85602000000000000313
  0.21946699999999999542
 -5.72268000000000043315
  3.41197999999999979082
  7.62856000000000022965
 21.49790000000000134150
  4.79579000000000021942
 -0.39700600000000002554
 -3.50151000000000012236
  4.09210000000000029274
  4.71246000000000009322
 -0.06039920000000000011
  0.10368299999999999739
  3.65232000000000001094
 14.94350000000000022737
 66.52100000000000079581
  5.37521000000000004349
  9.89897000000000026887
 -0.14363200000000000967
  0.32026500000000002188
