116.12000000000000454747
 15.02849999999999930367
-31.97680000000000077875
 64.66920000000000356977
 33.03779999999999716920
 12.18720000000000069917
 19.27520000000000166551
  0.50196700000000005204
  0.43485099999999998754
  9.07360000000000077591
 -0.24791099999999999248
  4.62903999999999982151
  5.69667999999999974392
  2.75749000000000021871
 -2.37036999999999986599
  1.67009999999999991793
  0.42888799999999999146
  0.21020300000000000096
  2.40072999999999980858
 -1.69994000000000000661
 -6.48217999999999960892
  0.19484399999999998943
  3.69119000000000019313
  2.44791999999999987381
  1.34505000000000007887
  1.70325999999999999623
 -4.25969999999999959783
  0.26530100000000000904
  0.04033529999999999754
 -0.65623900000000001675
 -1.23178000000000009706
 -1.53963999999999989754
 -1.88328000000000006509
  1.12309999999999998721
 -0.29578900000000002413
 -0.83122399999999996290
 -0.55225999999999997314
 -0.65839099999999994850
 -4.10876999999999981128
 -1.72212000000000009514
 -0.63571400000000000130
 -1.01788999999999996149
  1.62529999999999996696
  0.71773200000000003662
  1.72448000000000001286
 -1.04072000000000008946
 -0.05753049999999999831
 -0.27240900000000001224
 -0.05230549999999999783
 -0.12427499999999999658
  0.35478300000000001502
 -3.64359000000000010644
 -2.93068000000000017380
  0.01383200000000000054
  0.22700799999999998757
 -0.01320110000000000033
 -0.00390179000000000003
