-49.87420000000000186446
 -0.02097759999999999903
 -0.05310499999999999943
 -7.92576999999999998181
 -0.04301869999999999999
  0.00732149999999999988
 -0.00925775000000000035
 -0.00095939199999999999
  0.00266882000000000013
 -0.01861880000000000132
  0.01005140000000000026
 -0.00481637000000000037
  0.01347010000000000048
  0.01106859999999999962
  1.44298999999999999488
 -0.00873106000000000056
 -0.01523650000000000004
 -0.78509600000000001607
 -0.91695499999999996454
 -0.33203399999999999581
 -0.00643520000000000029
 -0.02229029999999999900
 -0.00029296299999999998
 -0.01318350000000000077
  0.00397112999999999980
  0.00276583999999999988
  0.00564506000000000036
  0.00072938600000000005
  0.58016500000000004178
 -0.00364396999999999985
  0.00289470999999999999
  0.00016970300000000000
  0.00101245000000000003
 -0.00206222999999999997
 -0.00262283999999999998
  0.00181879000000000003
  0.00179838000000000003
  0.00172858999999999990
 -0.15289600000000000413
  0.00022524000000000001
 -0.00037523100000000001
 -0.04072739999999999694
