  0.00035697050926764641
  0.00062566253601263524
  0.00062601338265326652
  0.00125014130634688121
  0.00149336551214194926
  0.00215155517690099763
  0.00215170235023206700
  0.00228246243755031832
  0.00228274402615279886
  0.00232957202848732862
  0.00232970963327365369
  0.00268938348425411169
  0.00286213535800603630
  0.00286275776905941517
  0.00306024205275089861
  0.00319366720760298328
  0.00319383625189346900
  0.00328250339959074806
  0.00383117377942934160
  0.00400178002093356210
  0.00400881882470560148
  0.00400985405011795772
  0.00405983055931841055
  0.00406038052281872466
  0.00482705652531081018
  0.00482722010186144215
  0.00548847033400376178
  0.00548888041449281140
  0.00555992002454580754
  0.00588790786742739158
  0.00593754446546692228
  0.00593785248147869673
  0.00648374843898637775
  0.00656840636643571570
  0.00656866608407878118
  0.00686529917276764660
  0.00686555342267085658
  0.00687839942181282284
  0.00705203387990618012
  0.01473493011642614155
  0.01473615944660331724
  0.01475595357616474486
