-244.56499999999999772626
 92.06310000000000570708
  3.02131999999999978357
397.20199999999999818101
 -2.55413999999999985491
133.53200000000001068656
 13.52469999999999927809
 94.13599999999999567990
251.27099999999998658495
 63.71249999999999857891
  4.24497999999999997556
 -7.37096000000000017849
-88.31789999999999452029
 -4.36310999999999982180
 39.40129999999999910187
 -8.59107000000000020634
 14.10609999999999963904
-58.08709999999999951115
-41.95720000000000027285
 31.59230000000000160298
-18.60589999999999832880
-22.05270000000000152340
  6.34994999999999976126
 -8.18861000000000061050
  5.74723999999999968225
 36.34530000000000171667
 -9.87533999999999956287
 52.95609999999999928377
-45.83050000000000068212
  5.17945000000000010942
  2.46051000000000019696
-10.96439999999999947988
214.46000000000000795808
-82.52639999999999531610
-79.27460000000000661657
 63.54910000000000280806
 19.42030000000000100613
250.33099999999998885869
-146.98099999999999454303
298.12099999999998090061
  5.06209000000000042263
 -7.74840000000000017621
-12.03030000000000043769
 12.48000000000000042633
-60.92190000000000082991
  4.16709999999999958220
-35.59680000000000177351
-10.11950000000000038369
 -0.89540200000000003122
 -1.50845999999999991203
-25.49520000000000052864
  7.54941999999999957538
  0.65605500000000005478
  0.90578300000000000480
 -2.53116999999999991999
-21.37000000000000099476
 -1.69704000000000010395
191.45699999999999363354
-51.84230000000000160298
 -0.79672399999999998776
  0.73019699999999998496
-181.28000000000000113687
 -9.14342000000000076909
