  0.00017027999969293207
  0.00024579586610639590
  0.00028756165262610418
  0.00049179494987736528
  0.00057040054495332247
  0.00070041519707147938
  0.00073632867936746459
  0.00099531865738653174
  0.00125086669316751080
  0.00136437651689140385
  0.00146054950447325072
  0.00150454931836830285
  0.00180363377709170805
  0.00216876716631637717
  0.00225534062529456460
  0.00230390417938774929
  0.00231920975017403750
  0.00243577193967142161
  0.00263541825883017132
  0.00280484301288094111
  0.00284893532270852302
  0.00313903674049680666
  0.00320807242389331386
  0.00321984173392903233
  0.00330108050138967464
  0.00342471976883807665
  0.00388436759788888175
  0.00395528236121521146
  0.00408342476807836349
  0.00415768533255034874
  0.00433758445358141571
  0.00435572140232209654
  0.00453396288688742884
  0.00477426686395547757
  0.00484088124988664263
  0.00498121261581930663
  0.00513417582774965651
  0.00523218005253760308
  0.00529897214001402283
  0.00536053661254503721
  0.00562681463214448948
  0.00570827347613425424
  0.00576841405807829253
  0.00580644218876280940
  0.00616944999411923791
  0.00636992330893090385
  0.00639277162684577429
  0.00645072374591325153
  0.00657130517984830763
  0.00666478074910218515
  0.00672678993114132415
  0.00683617069998547662
  0.00692651963333284701
  0.00723198767833578646
  0.00737246849582446143
  0.00781012917598739986
  0.00787123162450075256
  0.01390618752062645035
  0.01406954034956936321
  0.01469118181856437534
  0.01469619619165547265
  0.01578299879405406850
  0.01612307216459292480
