 -0.01972739999999999910
 -0.00604339999999999999
-46.58639999999999758984
-19.03320000000000078444
 -0.04579149999999999887
 -0.01129140000000000005
  0.00802316999999999961
  0.00846238000000000025
  0.00224048999999999993
 -0.01781690000000000010
  0.01077159999999999923
 -0.00862640999999999929
  3.58272000000000012676
  0.02090250000000000094
  0.00624469999999999973
  2.26032000000000010687
 -1.66321000000000007724
 -0.02248920000000000086
 -0.01248559999999999948
  0.02291260000000000172
 -0.00675184000000000027
  0.88588100000000002954
  0.00335251999999999989
  0.00984912999999999934
  0.02311720000000000094
 -0.01290189999999999913
 -0.00532278000000000005
  0.01064140000000000051
  0.39313599999999998547
 -0.00442924000000000009
  0.00060058799999999999
  0.00399271999999999995
  0.00040829700000000001
 -0.00078455599999999995
  0.00255714999999999979
 -0.00001079340000000000
 -0.00299070000000000022
 -0.23433999999999999275
 -0.00236090999999999992
 -0.00094307500000000003
  0.00124519999999999991
 -0.04199569999999999692
