  0.00061737435368395849
  0.00061758577295831284
  0.00078068663022295298
  0.00130765782880599003
  0.00150653729745021687
  0.00215870925885495828
  0.00215879400882269508
  0.00228969671302213778
  0.00228974637832581171
  0.00234499287745553809
  0.00234517559109565865
  0.00269987106493905712
  0.00306163587076867857
  0.00315405798881068702
  0.00315433729918822856
  0.00329589708400809030
  0.00381116048462876601
  0.00382597122495826822
  0.00382611839828933802
  0.00409170520444224629
  0.00409204374866820649
  0.00410043445111914553
  0.00477331092077100481
  0.00477350229166589434
  0.00485904735990654469
  0.00485913484374420838
  0.00553758157337232160
  0.00553801079095085982
  0.00558382680576741293
  0.00592543934507517092
  0.00593503796238885415
  0.00593510448655707856
  0.00660241753090749957
  0.00660259705503270580
  0.00670664495493926514
  0.00687100248108034762
  0.00687113644070677047
  0.00702006901707475338
  0.00761715349945052238
  0.01473144215404428338
  0.01473160117414503735
  0.01473943963487072198
