-77.13559999999999661213
101.56499999999999772626
-10.38109999999999999432
 22.94160000000000110276
-18.68949999999999889155
 -0.10185099999999999709
-53.62680000000000291038
 -2.57166000000000005699
 12.62930000000000063665
-12.25740000000000051728
-10.09660000000000046327
 -3.74901999999999979707
 -1.29254000000000002224
  8.66707000000000071793
 -2.64638999999999979806
  2.53921000000000018915
  5.52055000000000006821
 -3.96113999999999988333
  3.37367000000000016868
 -2.75179999999999980176
  0.52292199999999999793
 -4.29459000000000035158
  1.89674999999999993605
 -2.67981999999999986883
  1.69527000000000005464
  1.92063000000000005940
 -1.65485999999999999766
  2.12614999999999998437
 -0.73543899999999995387
  0.64964299999999997048
  1.14220999999999994756
 -0.81572500000000003340
  2.84072000000000013387
 -1.02622999999999997556
  2.66488000000000013756
  0.59215600000000001568
  0.87793100000000001693
 -0.54204200000000002380
  5.47093999999999969219
 -2.90066999999999985960
  0.57540999999999997705
  0.77299899999999999167
  1.28401999999999993918
 -1.57055999999999995609
  0.02518540000000000015
 -0.68232599999999998808
  1.05466999999999999638
  0.10521300000000000097
 -0.33966499999999999471
  0.36651099999999997570
  1.36078999999999994408
 -1.22927000000000008484
  2.95644999999999980034
 -0.18109800000000000897
  0.20886199999999999211
 -0.00560468999999999985
  0.00253876000000000015
