  0.00028020708687749666
  0.00035106945103022524
  0.00054210863636881487
  0.00063197276344913015
  0.00068786764539654262
  0.00074515543407175950
  0.00080923005484074444
  0.00140568164632841330
  0.00141123869260002094
  0.00147449816448577318
  0.00177954883867985966
  0.00218441037003864937
  0.00227941736209663235
  0.00229810928643249274
  0.00229841456857434075
  0.00236397778151857529
  0.00261509056898799087
  0.00274657923264178634
  0.00285671272700583918
  0.00285694738417457310
  0.00317935813240508491
  0.00323085011683507065
  0.00325660544977231323
  0.00343231537078524758
  0.00388372604974601297
  0.00398241465330568482
  0.00408272261915211283
  0.00439313896872291741
  0.00442087817993718456
  0.00444740036338894980
  0.00471694900271106381
  0.00476275499333788429
  0.00479906443112829671
  0.00487779213906099247
  0.00522397251937177422
  0.00544772200274188430
  0.00552246691783593504
  0.00570782512146622654
  0.00576505003113312285
  0.00594916204572169295
  0.00609087948370734371
  0.00614876735683153684
  0.00644407725247573594
  0.00653567829824966851
  0.00658167383719142785
  0.00673367153739256197
  0.00679864332314258912
  0.00683503659961076215
  0.00694169352271765093
  0.00707230324718991724
  0.00720648249449686463
  0.00788144171738810670
  0.01394494058248661045
  0.01421314370215965434
  0.01444046043013950606
  0.01466554723154890431
  0.01466734429538091820
