  0.00047150600094932271
  0.00194749774087284167
 -0.00008908725614505343
 -0.00029745245227444193
 -0.00023879345088280530
 -0.00155728423540233384
  0.00155756323933053096
  0.00017808903743565994
 -0.00006951442385301155
  0.00014960407414801660
  0.00083302318714894295
 -0.00047615640681191617
  0.00005356973586382333
 -0.00049940094156279919
  0.00259283070094390444
  0.00159949977168608363
 -0.00028961914521209373
  0.00028045199409685928
 -0.00000229328451098202
 -0.00004387781776178642
  0.00285788766668744389
 -0.00039366277522915200
  0.00179120157507328161
  0.00287065006428099305
  0.00062088105736005106
  0.00131679922649763034
 -0.00088335757086444641
 -0.00051273560283809005
 -0.00008322256301921722
  0.00011137123199138994
  0.00021354084550459097
 -0.00015696566894090924
  0.00091087560785306325
 -0.00028994866018320747
 -0.00020729667296367083
  0.00015990719492959207
  0.00030719291846480564
  0.00111077642074571123
  0.00028770087439995712
 -0.00057226207163655241
 -0.00014086187635495485
  0.00057917178380336484
  0.00035916088971273314
 -0.00101549053997773827
 -0.00034288451564658913
 -0.00046805316772087214
  0.00011071992156370779
 -0.00007579836416837559
  0.00000563933497536017
 -0.00010554419682719223
 -0.00014226138459944525
  0.00017151549671029777
 -0.00030198022973061586
  0.00025705881201176230
  0.00149641414512634687
  0.00019606241612418553
  0.00067235873036461283
  0.00016673779888743429
  0.00029905797086976721
  0.00006179274808392739
