-626.65599999999994906830
 83.10509999999999308784
 -7.51034000000000023789
 77.00409999999999399733
 44.61180000000000234195
  9.82484999999999963904
-40.48930000000000006821
 19.94500000000000028422
-17.37559999999999860165
 96.96859999999999502052
 66.89530000000000597993
-14.96499999999999985789
 11.41039999999999920988
 20.77990000000000136993
-21.33109999999999928377
  2.62814000000000014268
  7.43888000000000015888
 -1.72992999999999996774
-50.91850000000000164846
-11.99200000000000088107
 22.77639999999999886882
 -5.32157000000000035556
-27.56129999999999924398
 22.94490000000000051728
 -9.31605000000000060822
 -5.28636999999999979138
 -1.86375000000000001776
 -3.97996000000000016428
 74.66729999999999733973
-61.06779999999999830607
 41.38000000000000255795
207.75800000000000977707
 -0.59264200000000000212
  0.19618700000000000028
 22.64600000000000079581
  3.16475999999999979551
 -0.15543000000000001259
 -3.90160000000000017906
 -3.27959999999999984865
 -5.01421000000000027796
  1.19964000000000003965
  0.39521899999999998698
 -2.83158999999999982933
 -1.88572000000000006281
 -5.39782999999999990592
 -2.78169999999999983942
 -0.74447700000000005538
 -2.83658000000000010132
  0.07304140000000000632
 -8.67933000000000021146
 -1.36314000000000001833
 -2.43306999999999984396
  3.28797000000000005926
  0.56610000000000004761
-10.02870000000000061391
 72.06390000000000384262
-67.38469999999999515694
  9.50406000000000084071
  0.45908999999999999808
 -0.77497599999999999820
