  0.00011396364613177447
  0.00023241949619859145
  0.00032881711675943986
  0.00055135367317194026
  0.00067335079608419289
  0.00072524055858855588
  0.00078697179718511731
  0.00111891144904617459
  0.00113253568982736000
  0.00125994587519506524
  0.00165126016977561315
  0.00167301585100966066
  0.00183326391500548036
  0.00196207475306578319
  0.00206539681050672483
  0.00223796916013344364
  0.00230877229043775344
  0.00237427763646853298
  0.00246490588019344361
  0.00267232231332970417
  0.00284272807103927785
  0.00294162353742342562
  0.00311962580837014643
  0.00332360257749325736
  0.00336655987565614772
  0.00339561134443537279
  0.00376101629807279025
  0.00394101383842123017
  0.00399800545785435578
  0.00414553419201482611
  0.00421706908816959526
  0.00437076406595040493
  0.00461006881356013695
  0.00465821864200436850
  0.00482150494677905609
  0.00490259699655361692
  0.00517895342763893991
  0.00523005355737938844
  0.00540472141830514955
  0.00550093586958088927
  0.00559102964173507130
  0.00570480920729176180
  0.00581057033235257269
  0.00599186737220631146
  0.00621328440888370762
  0.00634361436733344407
  0.00657076159537782305
  0.00665562456307168624
  0.00669219690802007761
  0.00684616709537354002
  0.00709078603047636272
  0.00711425675944461332
  0.00725862605125945134
  0.00754878852547610345
  0.00759256370639215493
  0.01079532604359726734
  0.01391222481671523445
  0.01416887779159170697
  0.01456854588137918016
  0.01456973283657248333
