-51.06719999999999970441
  0.06293949999999999545
-24.81360000000000098908
  4.10308999999999990393
 15.82409999999999961062
 -3.88641000000000014225
-30.12539999999999906777
 -2.85973999999999994870
  1.71944000000000007944
  2.20039000000000006807
 -9.43412999999999968281
 -1.12694999999999989626
  0.88236000000000003318
  0.04300380000000000175
  2.28471000000000001862
 -0.71515200000000000990
 -1.04445999999999994401
 -1.79523000000000010346
 -0.59241100000000002090
 -0.22119800000000000573
  0.92670300000000005447
 -0.65411099999999999799
  0.14423400000000000110
  2.02211000000000007404
  0.37522199999999999998
  0.35680699999999998528
  0.17835300000000001153
  1.19158999999999992703
  0.27634599999999998055
  0.11194700000000000484
  0.09977729999999999932
  0.25158900000000000707
  0.23849000000000000754
  0.22781699999999999173
 -1.34496999999999999886
  0.64351499999999994817
  0.45825799999999999867
  1.46490000000000009095
 -0.92891000000000001346
  0.11794100000000000417
  0.18640699999999998937
 -0.56361899999999998112
  5.05022999999999999687
  0.63568299999999999805
 -1.70473000000000007859
  0.51667099999999999138
 -1.72879000000000004889
 -1.13311999999999990507
 -0.08157609999999999861
  0.03666090000000000321
 -0.41482900000000000329
 -0.00116052999999999989
  0.39850499999999999812
 -0.20893200000000000660
 -0.18271599999999998953
 -0.11490799999999999625
 -0.04754780000000000117
  0.00736336000000000022
 -0.06738660000000000483
  0.01410229999999999990
