  0.00011541259719308243
  0.00024594121685751454
  0.00029990097454160141
  0.00038065630267015342
  0.00053237241426880581
  0.00070837804887884342
  0.00073962025875956800
  0.00084258372359508548
  0.00120346457814831200
  0.00139847334262090030
  0.00145626598594263568
  0.00168130129946841042
  0.00175845110880824243
  0.00191631979467759964
  0.00214130270902977357
  0.00218824735648118825
  0.00229348813496589371
  0.00230778946419899844
  0.00243666135868767127
  0.00263862691083448838
  0.00280767621341528485
  0.00285701390834279664
  0.00314787625326076086
  0.00321347546215903406
  0.00323534961108991846
  0.00329838718386659584
  0.00351364390030849344
  0.00389138954279637109
  0.00394125168510487886
  0.00411111249140900473
  0.00428274530107081164
  0.00437445797986676498
  0.00438911061138548900
  0.00440438018621773855
  0.00474067443722751228
  0.00483452864746627877
  0.00503950236782276829
  0.00516480063867186864
  0.00529112957848344636
  0.00557516863970861608
  0.00563306790395750462
  0.00572260487793655598
  0.00579405912492847886
  0.00584422335986391987
  0.00609889610162327265
  0.00635069509044436462
  0.00648209854848543453
  0.00656478262184748227
  0.00665195297575973173
  0.00668266481487461792
  0.00683406516449670213
  0.00693982036617267050
  0.00728129438940412765
  0.00731417327608114686
  0.00787898305703376226
  0.01086234003018276065
  0.01395399333710486793
  0.01410154940996460708
  0.01469930414611748080
  0.01470228725385282036
