  0.00007819287098076318
  0.00004879110427084497
 -0.00016140884792260787
 -0.00003143946897558732
 -0.00000913895449958519
  0.00000239007210464421
  0.00000923067873157335
 -0.00007374368934580254
  0.00000205626587257552
  0.00022972347357428749
  0.00018728420628793486
  0.00002409884549945068
  0.00021014874161347745
  0.00002646357718400506
  0.00000120498372078008
  0.00036929502876777815
 -0.00019314630741706847
  0.00063452255968889191
  0.00044492144356218327
  0.00029298233542877705
  0.00001346306184966101
  0.00012646061744890779
 -0.00048541331109679662
  0.00002517656165145714
 -0.00000882066155682843
  0.00141258767814882082
 -0.00047745752183876673
  0.00025614450342399762
  0.00034110036447190534
  0.00051753661519584010
 -0.00023710169380989607
  0.00060543429488997785
  0.00011787163022833863
 -0.00000806133226420168
  0.00022198795949797000
 -0.00131089080133251325
 -0.00064917106817079175
 -0.00002253061201497214
 -0.00215773812992468839
 -0.00153194341281961488
  0.00100052713231150330
  0.00285955939327698109
  0.00073957088763373425
 -0.00090820666454075830
  0.00506507997946672051
  0.00117928015289365412
 -0.00244204096930525361
 -0.00243045494572977604
 -0.00168132520499014769
 -0.00094405546310820138
 -0.00474390733068137064
  0.00030784408808159783
  0.00102286938057601648
 -0.00070834169600324747
  0.00004875166121810203
  0.00565610539645275065
 -0.00631447524448189648
 -0.00000314757890365930
 -0.00057562734770914316
  0.00086661330832611910
  0.00019413964895057320
 -0.00012213933573697753
 -0.00001140610638901777
