-238.25600000000000022737
 62.26830000000000353566
112.82500000000000284217
408.79399999999998271960
-20.79319999999999879492
 18.57270000000000109708
-23.55940000000000011937
 91.21639999999999304237
250.11299999999999954525
 49.32240000000000179625
  3.21494999999999997442
-15.33939999999999947988
-84.28900000000000147793
  0.90595400000000003704
  4.70399000000000011568
-25.01989999999999980673
  1.25174999999999991829
-55.62429999999999807869
-39.01080000000000325144
 -4.67656999999999989370
 35.11999999999999744205
 37.59020000000000294449
 -1.93442000000000002835
  0.44715500000000002467
  0.07884539999999999604
 28.81449999999999889155
-10.32850000000000001421
 46.33769999999999811280
 27.08160000000000167120
-18.83050000000000068212
174.23699999999999477041
 -1.75540000000000007141
  0.17819499999999999229
 15.84190000000000075886
  7.89974000000000042832
 -0.36221300000000000718
-149.31899999999998840394
354.82799999999997453415
 -6.24023000000000038767
-188.57200000000000272848
 16.53249999999999886313
 -6.02738999999999958135
-20.76839999999999974989
-20.64489999999999980673
 16.98549999999999826628
  8.85748000000000068610
-37.40169999999999816964
-26.46849999999999880629
  2.70089999999999985647
 -0.40286699999999997512
-19.57570000000000121076
  7.63494000000000028194
 -0.71965500000000004466
  4.20359000000000015973
  4.45307999999999992724
 19.82880000000000109139
 -2.15503000000000000114
185.97800000000000864020
  2.50247000000000019426
 -0.08227980000000000016
  0.09055199999999999361
-169.09999999999999431566
 -6.98386999999999957822
