-70.97539999999999338343
 34.28070000000000305818
 36.46529999999999915872
  0.49726399999999998380
-50.61529999999999773763
 -4.67375000000000007105
 -7.84377999999999975245
 -4.48399999999999998579
  0.89319599999999998996
  1.66433000000000008711
 -3.91349999999999997868
 -3.29415000000000013358
 -0.83441900000000002180
  0.87240099999999998204
  0.52924300000000001898
  2.60213999999999989754
  0.81011100000000002552
 -0.95509299999999996977
 -0.18952900000000000302
 -0.53898999999999996913
 -0.43369099999999999318
 -4.46874000000000037858
  0.40725000000000000089
 -0.35345599999999999241
  0.53732599999999997031
  2.18454000000000014836
  0.52019999999999999574
  1.75791999999999992710
 -2.02143000000000006011
 -0.39412500000000000311
  0.26919300000000001560
  0.26065100000000002156
  0.06386429999999999885
 -0.37680000000000002380
 -0.05853389999999999982
  0.44789299999999998558
  0.71153599999999994630
  0.19434499999999998998
 -0.52454100000000003501
  0.55232700000000001239
 -0.65530399999999999761
 -2.38593000000000010630
 -3.07525000000000003908
 -0.27159499999999997533
 -1.79804000000000008264
  1.80557999999999996277
  0.91634700000000002262
  0.68304799999999998850
 -0.03118610000000000132
  1.63900000000000001243
  0.11248900000000000565
 -0.57492799999999999461
  0.44273099999999998566
  0.67410400000000003651
  0.41955700000000001326
 -0.25357699999999999685
 -0.86055000000000003713
  0.67186199999999995924
 -0.15641800000000000148
 -0.03825130000000000197
  0.04674969999999999820
 -1.24015999999999992909
 -0.04231950000000000295
