 94.79089999999999349711
 26.94359999999999999432
 41.85790000000000077307
 -1.71747000000000005215
-32.75780000000000313776
  5.32423999999999963961
 50.61240000000000094360
  9.87060999999999921783
  7.01306999999999991502
  4.71713999999999966661
 -2.06898999999999988475
 12.58200000000000073896
  4.02958000000000016172
  0.20136799999999999145
  0.85500500000000001499
 -1.56129999999999991012
 -2.01982999999999979224
 -3.42809000000000008157
  1.14724000000000003752
 -0.43159700000000000841
 -1.10318000000000004945
 -5.55569000000000023931
 -1.93944000000000005279
 -0.36786900000000000155
 -0.18398300000000000765
  0.20433100000000001262
  2.63262000000000018218
  1.15687999999999990841
  1.06258000000000008001
  0.26809600000000000097
  0.31472699999999997900
 -0.30370099999999999874
 -0.30145199999999999774
 -2.00370999999999988006
 -0.42489300000000002067
  1.19511999999999996014
 -2.00832999999999994856
  2.42887999999999992795
  0.15285999999999999588
  0.97235400000000005161
 -0.02213990000000000055
  2.57426999999999983615
  6.65585999999999966548
 -2.81319000000000007944
  0.55758300000000005081
  0.09315959999999999519
 -1.14070999999999989072
 -0.08683140000000000303
 -1.45934999999999992504
  0.08335359999999999991
 -0.15226899999999998769
 -0.60224200000000005506
 -0.04143270000000000286
  0.36139100000000001778
  0.51782600000000000851
  0.52628200000000002756
 -0.58525599999999999845
  1.09142000000000005677
  0.02046140000000000111
  0.02563179999999999972
 -0.04120950000000000307
 -1.92656999999999989370
 -0.08564019999999999966
