  0.00016930902022386057
  0.00022575978905642880
  0.00027122769110227775
  0.00050114569631766785
  0.00062824968825354942
  0.00071045487873338501
  0.00074170756844882954
  0.00097980531248579206
  0.00124709030750835338
  0.00137031812753274232
  0.00140131292218507357
  0.00149032043668826330
  0.00179808538807486938
  0.00217786502978843275
  0.00223771035378035480
  0.00228977827347496025
  0.00229817216544081406
  0.00241938603461898209
  0.00261598181058419164
  0.00274854807463421153
  0.00278373753704453004
  0.00313586818525141793
  0.00315521851659469671
  0.00318649717807444836
  0.00341855170263778490
  0.00343285075364595108
  0.00388268444530382763
  0.00393592701777706593
  0.00406388215455021941
  0.00415206814114034688
  0.00442591579092266232
  0.00442628623029777020
  0.00445055251541477594
  0.00454440399178361598
  0.00474154608608923656
  0.00487247066124809561
  0.00508912256264273596
  0.00527956530869225227
  0.00533675650063004936
  0.00538539523614622526
  0.00545770062797542102
  0.00569561474708228654
  0.00575007616989797656
  0.00593426017639462396
  0.00608153785016679865
  0.00612990729949516519
  0.00630102158516081950
  0.00639497375907196932
  0.00653663879788402100
  0.00658018570066116679
  0.00671749705161447681
  0.00673736226179400682
  0.00694043776513118479
  0.00707502435905725448
  0.00720857481628099390
  0.00780962842214577135
  0.00786263451487032548
  0.01389912866847494745
  0.01405101428000907378
  0.01466675469076666322
  0.01466970681464283173
  0.01576533343787579408
  0.01610150603167381442
